Date:	11-Jan-16		Time:	8:11 AM		Version no:	0.00		Project name:	55		Sample name:	222		Section name:	section		Position	944.469983	mm	E0	0.000000	keV	E1	1.000000	keV/channel	sample surface	6.154236	cm	Tube anode:	Mo		Tube voltage:	30	kV	Tube current:	30	mA	gain	60		std. database			resultfile	result		matrix element	11		sample thickness	1.000000		air passage	0.560000	cm	comments	in position		peaking_time	1.800000	m-sec	trigger_threshold	614.583333	V	mca_bin_width	19.260000	no:	number_mca_channels	1024.000000	no:	gap_time	0.100000	m-sec	trigger_peaking_time	0.150000	m-sec	GAINDAC	8811		HIGHGAIN	1		TAURC	0		RCTAU	55		RCTAUFRAC	45875		livetime	27.274402	seconds	runtime	28.000497	seconds	input_count_rate	46771.840545	cps	output_count_rate	35462.549364	cps	triggers	1275674	seconds	events_in_run	992969	seconds	channel	content		1	0
2	0
3	0
4	0
5	0
6	0
7	0
8	0
9	0
10	0
11	0
12	0
13	0
14	0
15	0
16	0
17	0
18	0
19	0
20	0
21	0
22	0
23	0
24	0
25	0
26	0
27	0
28	0
29	0
30	0
31	1
32	0
33	0
34	1
35	1
36	2
37	2
38	2
39	3
40	3
41	5
42	11
43	8
44	9
45	6
46	8
47	11
48	20
49	36
50	37
51	28
52	40
53	44
54	55
55	55
56	38
57	46
58	60
59	75
60	53
61	72
62	61
63	57
64	80
65	82
66	51
67	58
68	52
69	62
70	44
71	43
72	58
73	60
74	75
75	54
76	46
77	66
78	48
79	63
80	46
81	47
82	52
83	45
84	46
85	56
86	43
87	43
88	33
89	38
90	42
91	38
92	46
93	32
94	38
95	37
96	44
97	55
98	48
99	51
100	35
101	36
102	31
103	34
104	33
105	37
106	31
107	29
108	23
109	33
110	30
111	29
112	25
113	30
114	27
115	24
116	22
117	23
118	25
119	30
120	24
121	24
122	24
123	22
124	22
125	20
126	25
127	33
128	37
129	42
130	30
131	39
132	31
133	35
134	20
135	18
136	26
137	25
138	16
139	14
140	24
141	14
142	25
143	19
144	18
145	21
146	23
147	21
148	20
149	18
150	17
151	18
152	25
153	22
154	29
155	20
156	28
157	32
158	28
159	31
160	39
161	43
162	65
163	67
164	84
165	104
166	86
167	92
168	65
169	50
170	39
171	32
172	20
173	19
174	26
175	22
176	29
177	28
178	25
179	22
180	21
181	27
182	22
183	24
184	27
185	25
186	29
187	24
188	23
189	19
190	21
191	16
192	18
193	17
194	14
195	9
196	22
197	14
198	22
199	20
200	38
201	42
202	63
203	92
204	101
205	114
206	118
207	127
208	83
209	67
210	55
211	36
212	24
213	18
214	20
215	15
216	20
217	19
218	25
219	20
220	22
221	22
222	33
223	28
224	37
225	44
226	27
227	31
228	27
229	30
230	23
231	15
232	28
233	18
234	27
235	25
236	28
237	23
238	23
239	39
240	29
241	43
242	40
243	49
244	83
245	101
246	169
247	258
248	379
249	475
250	554
251	540
252	556
253	539
254	418
255	322
256	260
257	189
258	141
259	125
260	128
261	97
262	85
263	62
264	68
265	45
266	53
267	65
268	69
269	64
270	87
271	105
272	126
273	161
274	174
275	174
276	152
277	138
278	140
279	115
280	68
281	69
282	72
283	61
284	46
285	45
286	59
287	76
288	52
289	58
290	74
291	69
292	93
293	74
294	103
295	99
296	90
297	99
298	101
299	112
300	117
301	126
302	128
303	116
304	109
305	103
306	101
307	84
308	78
309	87
310	91
311	68
312	73
313	84
314	87
315	77
316	90
317	72
318	96
319	110
320	105
321	91
322	111
323	108
324	129
325	147
326	128
327	157
328	152
329	161
330	139
331	140
332	163
333	120
334	156
335	148
336	145
337	136
338	164
339	145
340	177
341	198
342	205
343	245
344	313
345	423
346	633
347	1080
348	1772
349	3068
350	4945
351	7396
352	10556
353	13818
354	16800
355	18463
356	19250
357	18558
358	16385
359	13668
360	10207
361	7235
362	4631
363	2827
364	1660
365	924
366	530
367	343
368	227
369	215
370	214
371	217
372	186
373	192
374	188
375	210
376	249
377	228
378	257
379	262
380	257
381	313
382	356
383	430
384	581
385	817
386	1122
387	1423
388	1913
389	2438
390	2926
391	3204
392	3434
393	3415
394	3067
395	2585
396	2163
397	1612
398	1180
399	810
400	611
401	409
402	314
403	257
404	215
405	214
406	188
407	208
408	214
409	203
410	250
411	211
412	252
413	262
414	279
415	268
416	236
417	239
418	250
419	262
420	225
421	240
422	226
423	216
424	243
425	251
426	262
427	237
428	289
429	268
430	250
431	267
432	264
433	291
434	282
435	288
436	316
437	313
438	318
439	325
440	362
441	396
442	387
443	405
444	466
445	503
446	542
447	572
448	579
449	607
450	598
451	680
452	610
453	619
454	644
455	612
456	591
457	602
458	629
459	631
460	630
461	603
462	640
463	688
464	695
465	752
466	704
467	704
468	649
469	710
470	576
471	534
472	511
473	458
474	423
475	477
476	469
477	464
478	423
479	514
480	460
481	477
482	529
483	458
484	437
485	447
486	388
487	426
488	471
489	412
490	392
491	442
492	434
493	453
494	448
495	448
496	487
497	474
498	471
499	473
500	497
501	471
502	472
503	467
504	481
505	479
506	541
507	515
508	549
509	611
510	579
511	613
512	613
513	662
514	696
515	725
516	721
517	696
518	698
519	683
520	699
521	726
522	748
523	732
524	757
525	740
526	765
527	774
528	731
529	758
530	786
531	820
532	781
533	846
534	846
535	847
536	861
537	892
538	822
539	829
540	821
541	761
542	752
543	717
544	736
545	676
546	659
547	690
548	660
549	608
550	688
551	654
552	662
553	671
554	621
555	656
556	672
557	601
558	581
559	643
560	624
561	621
562	590
563	587
564	614
565	576
566	616
567	654
568	570
569	593
570	600
571	616
572	601
573	606
574	617
575	585
576	684
577	596
578	680
579	643
580	694
581	662
582	634
583	607
584	632
585	624
586	657
587	682
588	687
589	656
590	676
591	667
592	694
593	641
594	710
595	657
596	740
597	699
598	724
599	772
600	693
601	721
602	728
603	709
604	782
605	742
606	735
607	758
608	771
609	738
610	712
611	715
612	741
613	703
614	810
615	765
616	732
617	755
618	702
619	769
620	730
621	705
622	741
623	730
624	754
625	762
626	766
627	786
628	745
629	756
630	794
631	785
632	766
633	774
634	724
635	725
636	742
637	710
638	776
639	742
640	714
641	719
642	735
643	753
644	801
645	729
646	727
647	728
648	784
649	795
650	773
651	657
652	746
653	773
654	771
655	808
656	781
657	837
658	779
659	760
660	793
661	783
662	816
663	814
664	823
665	775
666	777
667	790
668	760
669	796
670	828
671	714
672	822
673	784
674	768
675	742
676	764
677	766
678	832
679	845
680	855
681	764
682	797
683	814
684	801
685	775
686	816
687	778
688	796
689	817
690	840
691	813
692	808
693	830
694	810
695	858
696	859
697	794
698	832
699	840
700	871
701	814
702	857
703	858
704	888
705	888
706	851
707	923
708	877
709	895
710	875
711	894
712	889
713	931
714	831
715	835
716	826
717	809
718	902
719	862
720	842
721	817
722	887
723	832
724	835
725	817
726	860
727	885
728	870
729	858
730	926
731	849
732	883
733	911
734	859
735	853
736	894
737	824
738	919
739	892
740	889
741	863
742	945
743	891
744	934
745	907
746	849
747	911
748	958
749	853
750	929
751	866
752	843
753	896
754	902
755	918
756	873
757	941
758	898
759	933
760	955
761	910
762	899
763	947
764	914
765	935
766	945
767	847
768	889
769	907
770	894
771	905
772	917
773	902
774	896
775	921
776	914
777	967
778	954
779	954
780	930
781	947
782	1040
783	1036
784	982
785	1050
786	970
787	947
788	946
789	896
790	928
791	943
792	904
793	925
794	947
795	954
796	972
797	939
798	955
799	929
800	930
801	921
802	928
803	934
804	924
805	968
806	921
807	932
808	931
809	922
810	955
811	931
812	985
813	962
814	973
815	903
816	899
817	971
818	952
819	938
820	914
821	982
822	990
823	981
824	976
825	987
826	1002
827	1022
828	1011
829	962
830	984
831	990
832	1020
833	977
834	973
835	966
836	989
837	946
838	988
839	953
840	946
841	982
842	980
843	956
844	968
845	956
846	1005
847	1010
848	959
849	1026
850	952
851	1021
852	1020
853	956
854	1083
855	1023
856	1055
857	1012
858	1007
859	1030
860	1025
861	982
862	1082
863	1073
864	1121
865	1074
866	1100
867	1087
868	1177
869	1175
870	1214
871	1142
872	1180
873	1225
874	1252
875	1230
876	1245
877	1247
878	1340
879	1323
880	1380
881	1359
882	1333
883	1340
884	1398
885	1438
886	1457
887	1446
888	1587
889	1538
890	1676
891	1658
892	1862
893	1952
894	2052
895	2139
896	2225
897	2439
898	2516
899	2662
900	2852
901	2950
902	3132
903	3338
904	3522
905	3503
906	3690
907	3839
908	4017
909	4088
910	4051
911	4205
912	4216
913	4206
914	4229
915	4215
916	4124
917	4043
918	3850
919	3903
920	3685
921	3626
922	3476
923	3284
924	3152
925	2995
926	2755
927	2633
928	2425
929	2416
930	2238
931	2200
932	2020
933	1956
934	1740
935	1653
936	1595
937	1526
938	1434
939	1403
940	1344
941	1266
942	1229
943	1208
944	1180
945	1104
946	1148
947	1083
948	1088
949	1080
950	1069
951	1051
952	1070
953	1085
954	1089
955	1135
956	1178
957	1276
958	1380
959	1469
960	1575
961	1711
962	1844
963	1979
964	2010
965	2175
966	2255
967	2212
968	2251
969	2121
970	2036
971	1914
972	1914
973	1712
974	1563
975	1450
976	1323
977	1170
978	1096
979	1018
980	965
981	973
982	935
983	860
984	911
985	864
986	896
987	845
988	840
989	883
990	831
991	861
992	802
993	898
994	909
995	860
996	868
997	964
998	946
999	957
1000	1065
1001	1011
1002	1019
1003	1017
1004	1039
1005	1077
1006	1046
1007	1108
1008	1098
1009	1128
1010	1202
1011	1134
1012	1162
1013	1208
1014	1268
1015	1256
1016	1281
1017	1237
1018	1278
1019	1324
1020	1273
1021	1199
1022	1223
1023	1207
1024	1242
