Date:	11-Jan-16		Time:	8:11 AM		Version no:	0.00		Project name:	55		Sample name:	222		Section name:	section		Position	944.669995	mm	E0	0.000000	keV	E1	1.000000	keV/channel	sample surface	6.160901	cm	Tube anode:	Mo		Tube voltage:	30	kV	Tube current:	30	mA	gain	60		std. database			resultfile	result		matrix element	11		sample thickness	1.000000		air passage	0.560000	cm	comments	in position		peaking_time	1.800000	m-sec	trigger_threshold	614.583333	V	mca_bin_width	19.260000	no:	number_mca_channels	1024.000000	no:	gap_time	0.100000	m-sec	trigger_peaking_time	0.150000	m-sec	GAINDAC	8811		HIGHGAIN	1		TAURC	0		RCTAU	55		RCTAUFRAC	45875		livetime	27.270671	seconds	runtime	28.000494	seconds	input_count_rate	47084.099639	cps	output_count_rate	35674.692535	cps	triggers	1284015	seconds	events_in_run	998909	seconds	channel	content		1	0
2	0
3	0
4	0
5	0
6	0
7	0
8	0
9	0
10	0
11	0
12	0
13	0
14	0
15	0
16	0
17	0
18	0
19	0
20	0
21	0
22	0
23	0
24	0
25	0
26	0
27	0
28	0
29	0
30	0
31	0
32	0
33	1
34	1
35	1
36	2
37	2
38	1
39	2
40	1
41	4
42	10
43	8
44	14
45	11
46	16
47	17
48	22
49	29
50	22
51	34
52	33
53	41
54	36
55	56
56	51
57	65
58	54
59	68
60	60
61	56
62	52
63	60
64	64
65	54
66	71
67	53
68	61
69	76
70	46
71	55
72	61
73	45
74	50
75	46
76	57
77	36
78	60
79	42
80	53
81	48
82	42
83	52
84	44
85	51
86	45
87	29
88	30
89	39
90	38
91	39
92	32
93	50
94	35
95	28
96	48
97	54
98	53
99	42
100	47
101	41
102	44
103	35
104	33
105	29
106	36
107	32
108	34
109	29
110	26
111	18
112	32
113	27
114	34
115	24
116	31
117	32
118	22
119	25
120	24
121	30
122	22
123	27
124	28
125	26
126	24
127	26
128	32
129	38
130	30
131	40
132	21
133	19
134	27
135	24
136	15
137	23
138	19
139	22
140	13
141	16
142	25
143	17
144	15
145	24
146	16
147	17
148	16
149	14
150	12
151	26
152	14
153	27
154	21
155	29
156	21
157	34
158	36
159	42
160	50
161	39
162	65
163	70
164	84
165	83
166	74
167	70
168	69
169	52
170	39
171	27
172	24
173	22
174	22
175	28
176	19
177	16
178	27
179	27
180	16
181	22
182	22
183	20
184	23
185	22
186	26
187	27
188	27
189	18
190	9
191	12
192	17
193	10
194	20
195	15
196	15
197	26
198	33
199	18
200	38
201	50
202	65
203	70
204	107
205	125
206	101
207	119
208	85
209	74
210	59
211	37
212	28
213	22
214	19
215	25
216	19
217	21
218	18
219	18
220	13
221	23
222	30
223	33
224	30
225	36
226	37
227	27
228	24
229	23
230	24
231	20
232	26
233	11
234	23
235	25
236	34
237	29
238	26
239	25
240	30
241	29
242	37
243	53
244	76
245	105
246	171
247	266
248	365
249	457
250	507
251	556
252	553
253	491
254	402
255	302
256	252
257	186
258	168
259	119
260	125
261	93
262	83
263	65
264	66
265	63
266	57
267	62
268	57
269	69
270	92
271	113
272	139
273	144
274	155
275	160
276	157
277	146
278	131
279	100
280	95
281	78
282	58
283	50
284	51
285	42
286	75
287	71
288	72
289	77
290	77
291	78
292	89
293	95
294	107
295	110
296	121
297	109
298	121
299	118
300	133
301	115
302	131
303	126
304	104
305	115
306	93
307	90
308	84
309	96
310	87
311	82
312	103
313	88
314	85
315	64
316	107
317	81
318	72
319	97
320	108
321	124
322	115
323	104
324	96
325	132
326	149
327	123
328	150
329	126
330	148
331	155
332	150
333	128
334	131
335	137
336	143
337	145
338	141
339	173
340	179
341	238
342	222
343	257
344	316
345	462
346	657
347	1117
348	1790
349	3198
350	5074
351	7727
352	10798
353	14247
354	17406
355	19279
356	19791
357	19138
358	16909
359	13966
360	10370
361	7251
362	5000
363	2959
364	1695
365	941
366	565
367	367
368	252
369	214
370	176
371	170
372	207
373	176
374	198
375	202
376	220
377	229
378	239
379	220
380	280
381	342
382	378
383	428
384	558
385	801
386	1157
387	1478
388	1891
389	2564
390	2950
391	3344
392	3519
393	3408
394	3109
395	2741
396	2182
397	1695
398	1182
399	812
400	606
401	413
402	328
403	260
404	241
405	200
406	230
407	242
408	225
409	245
410	225
411	224
412	252
413	238
414	275
415	275
416	233
417	275
418	242
419	274
420	234
421	256
422	265
423	254
424	234
425	259
426	265
427	248
428	276
429	265
430	269
431	273
432	258
433	285
434	313
435	268
436	308
437	299
438	317
439	337
440	338
441	367
442	396
443	430
444	492
445	509
446	545
447	570
448	596
449	618
450	643
451	593
452	637
453	607
454	594
455	641
456	594
457	604
458	562
459	585
460	594
461	637
462	615
463	633
464	739
465	774
466	674
467	683
468	642
469	634
470	609
471	561
472	486
473	485
474	469
475	426
476	478
477	501
478	457
479	437
480	487
481	508
482	448
483	477
484	403
485	372
486	432
487	431
488	426
489	402
490	417
491	444
492	444
493	449
494	457
495	484
496	432
497	442
498	461
499	434
500	450
501	490
502	504
503	518
504	497
505	488
506	508
507	525
508	517
509	552
510	594
511	612
512	611
513	665
514	680
515	699
516	612
517	681
518	743
519	729
520	748
521	718
522	785
523	727
524	770
525	727
526	740
527	720
528	746
529	754
530	788
531	808
532	793
533	835
534	835
535	799
536	870
537	807
538	814
539	848
540	868
541	786
542	715
543	733
544	737
545	694
546	632
547	680
548	642
549	631
550	680
551	702
552	663
553	612
554	639
555	663
556	665
557	630
558	606
559	606
560	622
561	588
562	587
563	619
564	601
565	588
566	642
567	636
568	562
569	581
570	623
571	597
572	640
573	626
574	636
575	641
576	589
577	577
578	620
579	631
580	637
581	666
582	574
583	622
584	602
585	654
586	665
587	598
588	644
589	597
590	677
591	671
592	703
593	714
594	711
595	710
596	706
597	701
598	707
599	773
600	726
601	743
602	710
603	713
604	758
605	692
606	734
607	706
608	750
609	751
610	744
611	787
612	698
613	696
614	733
615	716
616	764
617	784
618	765
619	773
620	678
621	754
622	725
623	738
624	722
625	818
626	780
627	753
628	809
629	762
630	767
631	769
632	770
633	758
634	775
635	748
636	777
637	758
638	734
639	783
640	740
641	734
642	724
643	729
644	769
645	752
646	780
647	725
648	746
649	770
650	770
651	736
652	791
653	744
654	794
655	827
656	751
657	742
658	797
659	787
660	777
661	839
662	787
663	811
664	777
665	787
666	800
667	753
668	795
669	798
670	762
671	846
672	816
673	799
674	783
675	817
676	783
677	868
678	815
679	804
680	774
681	773
682	823
683	794
684	807
685	819
686	825
687	774
688	840
689	833
690	788
691	844
692	823
693	822
694	866
695	794
696	790
697	832
698	845
699	870
700	883
701	897
702	867
703	848
704	838
705	841
706	877
707	800
708	867
709	876
710	907
711	850
712	879
713	864
714	883
715	857
716	823
717	855
718	846
719	908
720	845
721	842
722	914
723	892
724	888
725	860
726	886
727	874
728	867
729	831
730	876
731	894
732	935
733	894
734	882
735	903
736	937
737	908
738	885
739	948
740	878
741	939
742	892
743	917
744	880
745	876
746	925
747	883
748	859
749	870
750	864
751	870
752	875
753	864
754	887
755	899
756	933
757	903
758	874
759	857
760	892
761	954
762	897
763	880
764	914
765	920
766	875
767	949
768	896
769	894
770	921
771	932
772	867
773	935
774	947
775	936
776	895
777	895
778	941
779	896
780	939
781	975
782	988
783	1001
784	1065
785	1001
786	970
787	957
788	1038
789	949
790	943
791	934
792	925
793	944
794	937
795	969
796	948
797	942
798	920
799	956
800	932
801	940
802	884
803	918
804	922
805	896
806	959
807	957
808	968
809	946
810	920
811	895
812	975
813	915
814	967
815	961
816	904
817	931
818	948
819	1016
820	944
821	990
822	974
823	932
824	985
825	981
826	934
827	979
828	1004
829	1005
830	966
831	960
832	946
833	1013
834	1006
835	1018
836	1058
837	953
838	1003
839	1063
840	1042
841	1015
842	954
843	981
844	962
845	978
846	948
847	1024
848	1031
849	1061
850	988
851	1012
852	967
853	981
854	1012
855	1016
856	1003
857	1002
858	1027
859	1038
860	1090
861	1017
862	1095
863	1089
864	1126
865	1109
866	1075
867	1139
868	1144
869	1255
870	1236
871	1176
872	1168
873	1270
874	1234
875	1248
876	1302
877	1311
878	1341
879	1316
880	1356
881	1353
882	1350
883	1379
884	1351
885	1441
886	1514
887	1505
888	1590
889	1598
890	1697
891	1740
892	1838
893	1931
894	2042
895	2117
896	2267
897	2409
898	2518
899	2664
900	2780
901	2914
902	3107
903	3184
904	3425
905	3680
906	3709
907	3693
908	3889
909	4062
910	4088
911	4128
912	4139
913	4121
914	4156
915	4126
916	4140
917	4049
918	3932
919	3875
920	3691
921	3620
922	3489
923	3234
924	3105
925	2857
926	2837
927	2642
928	2547
929	2310
930	2186
931	2092
932	2062
933	1910
934	1767
935	1703
936	1565
937	1552
938	1413
939	1376
940	1368
941	1277
942	1173
943	1165
944	1158
945	1110
946	1093
947	1079
948	1055
949	1050
950	1135
951	1021
952	1041
953	1088
954	1112
955	1138
956	1172
957	1294
958	1354
959	1443
960	1632
961	1720
962	1818
963	1959
964	2092
965	2157
966	2172
967	2248
968	2249
969	2212
970	2122
971	2030
972	1790
973	1767
974	1543
975	1487
976	1302
977	1219
978	1066
979	1014
980	1002
981	900
982	868
983	875
984	884
985	826
986	891
987	884
988	870
989	904
990	871
991	865
992	869
993	838
994	819
995	942
996	911
997	900
998	930
999	916
1000	967
1001	955
1002	940
1003	1080
1004	1046
1005	1088
1006	1069
1007	1100
1008	1115
1009	1165
1010	1165
1011	1211
1012	1272
1013	1217
1014	1195
1015	1272
1016	1271
1017	1244
1018	1244
1019	1279
1020	1176
1021	1249
1022	1217
1023	1271
1024	1173
